0 0.0 0.0 0.0359375 0.43703703703703706
0 0.016145833333333335 0.0 0.184375 0.41203703703703703
0 0.16354166666666667 0.17037037037037037 0.052083333333333336 0.1814814814814815
0 0.4140625 0.3194444444444444 0.06145833333333333 0.1175925925925926
0 0.4739583333333333 0.30833333333333335 0.0265625 0.1259259259259259
0 0.5 0.30092592592592593 0.0625 0.12962962962962962
0 0.5578125 0.25925925925925924 0.0875 0.15925925925925927
0 0.6395833333333333 0.23703703703703705 0.0578125 0.1648148148148148
0 0.6916666666666667 0.19814814814814816 0.11197916666666667 0.19907407407407407
0 0.7953125 0.14351851851851852 0.12916666666666668 0.2175925925925926
0 0.9192708333333334 0.0712962962962963 0.08072916666666667 0.24537037037037038
