0 0.0 0.0 0.1625 0.5009259259259259
0 0.15416666666666667 0.16296296296296298 0.0265625 0.16111111111111112
0 0.3890625 0.3148148148148148 0.0609375 0.11388888888888889
0 0.44895833333333335 0.3037037037037037 0.027604166666666666 0.1259259259259259
0 0.47552083333333334 0.29907407407407405 0.023958333333333335 0.1259259259259259
0 0.5015625 0.2953703703703704 0.03802083333333333 0.01574074074074074
0 0.4875 0.30277777777777776 0.05260416666666667 0.12129629629629629
0 0.5354166666666667 0.25833333333333336 0.071875 0.15555555555555556
0 0.6015625 0.22685185185185186 0.07708333333333334 0.1648148148148148
0 0.671875 0.18518518518518517 0.11822916666666666 0.19907407407407407
0 0.7817708333333333 0.13055555555555556 0.14947916666666666 0.21944444444444444
0 0.9135416666666667 0.05 0.08645833333333333 0.21944444444444444
