0 0.0 0.0 0.015104166666666667 0.262037037037037
0 0.0 0.0 0.190625 0.4444444444444444
0 0.1921875 0.17222222222222222 0.015625 0.18425925925925926
0 0.9182291666666667 0.12685185185185185 0.08177083333333333 0.1685185185185185
0 0.9395833333333333 0.06851851851851852 0.06041666666666667 0.06944444444444445
0 0.8119791666666667 0.14722222222222223 0.109375 0.2064814814814815
0 0.7927083333333333 0.15 0.043229166666666666 0.20833333333333334
0 0.7046875 0.21666666666666667 0.09479166666666666 0.17222222222222222
0 0.7182291666666667 0.2 0.08125 0.03148148148148148
0 0.6864583333333333 0.21944444444444444 0.026041666666666668 0.1712962962962963
0 0.6338541666666667 0.25833333333333336 0.058333333333333334 0.14351851851851852
0 0.6395833333333333 0.23796296296296296 0.0515625 0.025
0 0.6197916666666666 0.25925925925925924 0.019270833333333334 0.12962962962962962
0 0.5682291666666667 0.287962962962963 0.05416666666666667 0.12962962962962962
0 0.553125 0.2898148148148148 0.01875 0.13148148148148148
0 0.5697916666666667 0.26666666666666666 0.052083333333333336 0.025
0 0.50625 0.3111111111111111 0.049479166666666664 0.11944444444444445
0 0.5213541666666667 0.3037037037037037 0.033854166666666664 0.018518518518518517
0 0.49375 0.31296296296296294 0.015104166666666667 0.11944444444444445
0 0.4942708333333333 0.30648148148148147 0.0234375 0.009259259259259259
0 0.4942708333333333 0.3194444444444444 0.003125 0.07777777777777778
0 0.4671875 0.31203703703703706 0.0265625 0.12222222222222222
0 0.4083333333333333 0.32314814814814813 0.059375 0.11296296296296296
