0 0.0 0.0 0.18229166666666666 0.4425925925925926
0 0.18229166666666666 0.17222222222222222 0.017708333333333333 0.1574074074074074
0 0.9182291666666667 0.062037037037037036 0.08177083333333333 0.21388888888888888
0 0.790625 0.14444444444444443 0.12864583333333332 0.2111111111111111
0 0.6822916666666666 0.1935185185185185 0.11666666666666667 0.1962962962962963
0 0.6145833333333334 0.2351851851851852 0.06979166666666667 0.1574074074074074
0 0.5473958333333333 0.26481481481481484 0.0703125 0.1527777777777778
0 0.5010416666666667 0.3 0.05 0.1259259259259259
0 0.4625 0.30462962962962964 0.04739583333333333 0.1287037037037037
0 0.4197916666666667 0.3194444444444444 0.0421875 0.11388888888888889
0 0.403125 0.3287037037037037 0.019791666666666666 0.075
0 0.31979166666666664 0.38055555555555554 0.08229166666666667 0.02962962962962963
