0 0.1292749095692205 0.21191859402974142 0.258549819138441 0.42383718805948284
0 0.3660391318645178 0.16259271438488782 0.2182670174284773 0.32518542876977563
0 0.49824150058616606 0.2360296991012112 0.04806565064478292 0.18653119708219343
0 0.5239370268964403 0.31048120112381644 0.006240940570140197 0.05332760687890335
0 0.5504106941536475 0.31316547663785527 0.04871960057980343 0.14530878115996482
0 0.5595343435460676 0.3260455456009043 0.023504037164030697 0.111344615271172
0 0.5669312023006302 0.3528370755447405 0.02668399513328173 0.08332411606385716
0 0.5818712128063669 0.3127229608191894 0.014922673419553216 0.035372262920422455
0 0.5789884236230441 0.3399555836925828 0.008704892828072748 0.06411222654326565
0 0.5943016413750385 0.3236640170675475 0.012387736141220174 0.011699528577819059
0 0.5937996634570439 0.35496441375966437 0.020683369168925835 0.0632890009476348
0 0.6168785640833877 0.3270906692426743 0.02009909320370191 0.11820551971996299
0 0.654385453940251 0.32648192837924045 0.021636015644503695 0.0708255896738879
0 0.9908412748008121 0.2605495669079483 0.01831745039837583 0.1531010779565692
0 0.9611968549796153 0.27994564162298574 0.026645311589982512 0.0975862292111564
0 0.938095118773178 0.33031528070116806 0.015159867695700177 0.06236566324769192
0 0.9233111155658008 0.3274197320503824 0.012904680765761138 0.039201274041406324
0 0.9130374862183017 0.3176194135400308 0.007141425278139716 0.013364070695934007
0 0.8983161270923119 0.3422315770717092 0.014032274230730597 0.05546089338812597
0 0.7291747234898288 0.3587971914988698 0.01662928300719315 0.01907855724856265
0 0.7509281460283083 0.353211127439606 0.014308917936421988 0.03678208334407573
0 0.7745185242478149 0.3624925877226905 0.017209374274886002 0.029219412002303175
0 0.7889241240621857 0.3754694442295958 0.008701369015391572 0.02251613513118658
0 0.8123211385257945 0.3381717242031264 0.04060638873849479 0.08404877923015437
0 0.8658451115523884 0.33056885877817993 0.025405910524471408 0.06515334397591141
