0 0.28482700055296634 0.325855122837507 0.019106959475471957 0.026068409827000545
0 0.3673290297902813 0.33844985626728863 0.02075225663140247 0.04718772034495847
0 0.387925774258285 0.34183977870586324 0.016475023051472585 0.07566306882898517
0 0.45230922147568275 0.35474326573383475 0.018723417370400005 0.06287369783640516
0 0.42735295175594873 0.33809251909815685 0.04058397785079896 0.07641927354119425
0 0.5955002678499627 0.3435075524598614 0.016811084247217067 0.05948634649052798
0 0.6088069593638902 0.3168125692878168 0.016019821094078544 0.04262395351504259
0 0.6253913965027219 0.3190182571414809 0.011109639192639402 0.05852883086853901
0 0.6350359058127351 0.3234605190162116 0.006241139123466984 0.06503112864451704
0 0.6442242495222833 0.315601306786661 0.01352246810084452 0.06040806262713434
