0 0.8383259911894271 0.225285897493492 0.3233480176211458 0.39849100466099086
0 0.724207162173236 0.054631374798546795 0.05203638449561592 0.10926274959709359
0 0.6611079242809144 0.22966576928290788 0.07662050315496198 0.45933153856581577
0 0.57986838169309 0.29939841127397204 0.040382889620101635 0.07976867085452184
0 0.5499551301226442 0.33529431315850694 0.020041878552198612 0.07817329743743141
0 0.534101106790308 0.3366237910060823 0.010469638049655986 0.0744507594642204
0 0.5128626981752915 0.3581613321368032 0.02004187855219867 0.02818493036859777
0 0.4658988932096918 0.3350284175889918 0.034400239306012576 0.07019643035197926
0 0.4432846009443085 0.3152751705001548 0.007679617725695446 0.03185619204732922
0 0.4306274532112178 0.3251354204195662 0.030718470902781726 0.09910815303613524
0 0.40559758803117346 0.32260715120946076 0.019910120029580723 0.13045869124144335
0 0.3683580440187861 0.22633555371376524 0.07275071369371026 0.4526711074275305
0 0.2841641066296699 0.16208062189629918 0.1124764641759984 0.32416124379259836
0 0.11534871316175484 0.16891141041027682 0.23069742632350967 0.33782282082055365
