0 0.9461360084690225 0.13232018065854922 0.1077279830619549 0.26464036131709845
0 0.86060184936867 0.0604601951003988 0.06401300495660132 0.1209203902007976
0 0.8156704579972324 0.05205110608600432 0.026156805832124045 0.10410221217200864
0 0.7941096817874069 0.066922440382156 0.02288422477995944 0.10977206048296094
0 0.7684048086676881 0.0664512472633679 0.030323959165173876 0.11640357487023946
0 0.7350249393675924 0.1972777701510598 0.11279915801034193 0.14806001718553766
0 0.5950310559006211 0.27384403036576943 0.16745341614906842 0.28444444444444444
0 0.40919254658385085 0.18616977225672876 0.06062111801242238 0.08171152518978604
0 0.4906832298136646 0.2910697032436162 0.16397515527950315 0.23055900621118008
0 0.297754902417439 0.29085864216930496 0.06544319716800967 0.12628024592146073
0 0.17481591354558457 0.26746246166704923 0.18223234624145784 0.31172561553448347
0 0.30054962969863525 0.2227501151531148 0.04588010619963665 0.0505121078971747
0 0.36819590553930764 0.2566676851892269 0.07595268235191407 0.08186981341636712
0 0.40202540486271765 0.24774348751824848 0.019206425422323054 0.04151691959976913
0 0.040740976510280726 0.3032939362432009 0.08148195302056145 0.24105077768582764
