0 0.03043119078254766 0.18715639256053337 0.06086238156509532 0.37431278512106675
0 0.17880380746286112 0.17341209498186919 0.23654082348812722 0.34682418996373837
0 0.3261651950862009 0.19002582536469603 0.057910762895232774 0.3667899769665666
0 0.34227612449662137 0.13326735376424814 0.08945635110231383 0.2665347075284963
0 0.40293751279776124 0.16841853798375536 0.03455395536140878 0.3368370759675107
0 0.4367145178764896 0.2700975081256771 0.03290899241603462 0.08775731310942576
0 0.4520720476706392 0.26143011917659803 0.06459913326110509 0.1891657638136511
0 0.46468716143011907 0.30227518959913324 0.02279252437703138 0.10357529794149509
0 0.44500454180573745 0.13488106806371203 0.04966939879166841 0.10034221978114832
0 0.6744893195796656 0.2511692442185604 0.05394514533475529 0.12441470394303411
0 0.8109347790032341 0.05825524504519446 0.07789825026950806 0.11651049009038893
