0 0.8451749734888651 0.20831860492517967 0.1781548250265112 0.41663720985035935
0 0.9639448568398726 0.22622834924001411 0.06998939554612942 0.45245669848002823
0 0.6961819658813972 0.3841501940608358 0.09423233143785541 0.10686885097933022
0 0.6287870126900651 0.3775262629727017 0.04115696810334981 0.09450859342250677
0 0.17028399907642572 0.2308935580697298 0.34056799815285144 0.4617871161394596
0 0.28407120564096633 0.39764189111085424 0.10923592648248759 0.1130248269307338
0 0.36874349786151883 0.3853119099911378 0.03583400762917582 0.10069484581101738
0 0.3927291642584672 0.3637344430316341 0.010981389434747394 0.059594908745295966
0 0.4126690556005086 0.3873669068444238 0.021962778869494846 0.09247485839787302
0 0.44937001502716445 0.3873669068444239 0.03872384695410934 0.0986398489577313
0 0.7055516514406184 0.13367689544780198 0.11384399156711164 0.26735379089560396
0 0.6331693605059734 0.15304130553603498 0.026704146170063225 0.036230186616693985
