0 0.0 0.0 0.171875 0.4398148148148148
0 0.1640625 0.1648148148148148 0.026041666666666668 0.15833333333333333
0 0.9140625 0.10740740740740741 0.0859375 0.15555555555555556
0 0.9348958333333334 0.05 0.06510416666666667 0.07222222222222222
0 0.7859375 0.13703703703703704 0.1 0.21388888888888888
0 0.8864583333333333 0.1361111111111111 0.030208333333333334 0.14722222222222223
0 0.6776041666666667 0.2 0.115625 0.1787037037037037
0 0.6072916666666667 0.2462962962962963 0.0765625 0.14444444444444443
0 0.5416666666666666 0.2796296296296296 0.07239583333333334 0.13240740740740742
0 0.4557291666666667 0.29259259259259257 0.08958333333333333 0.1388888888888889
0 0.3963541666666667 0.31203703703703706 0.059375 0.12962962962962962
0 0.5583333333333333 0.25555555555555554 0.05416666666666667 0.026851851851851852
0 0.6296875 0.225 0.053125 0.024074074074074074
0 0.7088541666666667 0.18518518518518517 0.08333333333333333 0.017592592592592594
