0.0 0.9455570578575134 0.06789110600948334 0.0024328867439180613 0.3598376214504242 0.4173581302165985
0.0 0.8524479866027832 0.5879969000816345 0.15477879345417023 0.6252576112747192 0.3158702552318573
0.0 0.7618096470832825 0.6245633959770203 0.1713400036096573 0.6533772945404053 0.32402893900871277
0.0 0.7615090608596802 0.3575951159000397 0.14622412621974945 0.4142283797264099 0.38267117738723755
0.0 0.6265226006507874 0.6249540448188782 0.04302550479769707 0.7982579469680786 0.32810741662979126
0.0 0.4694821238517761 0.0 0.0006747351726517081 0.07195022702217102 0.29873257875442505
0.0 0.4675467610359192 0.4157145917415619 0.22876553237438202 0.4361308515071869 0.40134769678115845
0.0 0.4364355504512787 0.43650054931640625 0.3181127905845642 0.467001736164093 0.3930468261241913
0.0 0.3987666964530945 0.43674373626708984 0.3183513283729553 0.4654097557067871 0.38990291953086853
0.0 0.3297090530395508 0.4182284474372864 0.23427683115005493 0.43591031432151794 0.3952183425426483
