0 0.48619791658679445 0.3472222222222222 0.019270833493077788 0.125
0 0.46640625 0.30972222222222223 0.021354166666666667 0.19814814814814816
0 0.44088541666666664 0.2638888888888889 0.03697916666666667 0.23796296296296296
0 0.40234375 0.2310185185185185 0.05260416666666667 0.362962962962963
0 0.2595290243844313 0.19560185185185186 0.23216146318157746 0.3912037037037037
0 0.0734375 0.13240740740740736 0.146875 0.26481481481481484
0 0.5925396126760564 0.28821074595722485 0.009536384976525862 0.11085028690662492
0 0.6060688884537438 0.26900608222300965 0.020626412317809675 0.14464751920578145
0 0.6257370283018867 0.2417452830188679 0.02014544025157233 0.19523060796645703
0 0.6452462668593449 0.11052237208306573 0.02227842003853553 0.10195889531149646
0 0.6464234400656814 0.2830231709542054 0.02180829228243025 0.053366174055829184
0 0.6706871345029239 0.08040935672514618 0.03106725146198824 0.15756985055230668
0 0.6720577485380116 0.28468161143599735 0.03289473684210525 0.05929174788823912
0 0.850589859437751 0.14892904953145916 0.10855923694779115 0.12829094154395357
0 0.7883963035992102 0.15058614344440469 0.026355421686746892 0.13073869655669984
0 0.7539441747572816 0.14293419633225457 0.04449838187702267 0.11686443725278678
0 0.7104571197411003 0.1263034879539734 0.04753236245954694 0.24721323265012587
