0 0.06172207664592204 0.06469046839174582 0.05527350147396004 0.10317720275139207
0 0.1718084670815591 0.12856207009498855 0.11607435309531607 0.2571241401899771
0 0.25728931195252897 0.20733257982480927 0.0679482198361119 0.08547612319864366
0 0.2998769994608195 0.21702012940330695 0.02047200754852625 0.04672897196261679
0 0.4252865439967105 0.16807154605263155 0.2330258018092105 0.33203125
0 0.5764931126644738 0.17029256585469785 0.07632606907894737 0.33852921065676417
0 0.6265396138482023 0.1714380825565912 0.028462050599201188 0.3348868175765646
0 0.698069241011984 0.1681091877496671 0.1183422103861517 0.2896138482023968
0 0.8491320665386276 0.19344537935121356 0.18528144333025137 0.23509315550668808
0 0.9710634101941749 0.15587075242718448 0.0571715716019419 0.12211771844660196
