0 0.04364664658511088 0.1792129844879325 0.08729329317022176 0.358425968975865
0 0.19358584915926974 0.15733277585499358 0.2313398866173965 0.31466555170998717
0 0.2861494541603802 0.4029624434114119 0.05458689623001825 0.0851411819082185
0 0.31804516015957984 0.23459884487883784 0.01842799549650014 0.048689685770100063
0 0.34812963024738497 0.11972586235307774 0.08637851092066486 0.23945172470615547
0 0.36484689452957375 0.39711102224986744 0.06517003108569544 0.09360050947112736
0 0.9176376589653098 0.21395121734691572 0.16472468206938043 0.42790243469383143
0 0.6422530550439322 0.11720915498534872 0.024453681954396463 0.23441830997069743
0 0.7615110078674395 0.19644406193862113 0.22054258343158076 0.39288812387724226
0 0.6767229449211174 0.3857322982703549 0.03519038393104263 0.10016738497225619
