0 0.8097292824210899 0.2080277370316041 0.38054143515782035 0.4160554740632082
0 0.6088666721298039 0.14859063707700373 0.0254035892813242 0.29718127415400747
0 0.5855573754696981 0.18498891993448302 0.04094806821466423 0.23466187065763125
0 0.09910641754670993 0.1942413575232421 0.19821283509341986 0.3884827150464842
0 0.22579855586831468 0.12891118998082643 0.058744339738098124 0.25782237996165286
0 0.2993277119631454 0.14980190985393105 0.09496113616908115 0.2996038197078621
0 0.359962321700906 0.1590861517299123 0.0354355431954786 0.232050476959421
0 0.4066116443886246 0.17583206243832414 0.06324571633623392 0.21929168784825007
0 0.44341099548761387 0.19973191720129735 0.016576111980845395 0.18336044857824021
0 0.4617618221585337 0.2245853969211688 0.02602006184478469 0.18771316757590226
0 0.48212534881966956 0.28056414510898253 0.01470699147748699 0.09318617961803718
0 0.39955569660425255 0.3441588208328925 0.07680101555061884 0.1252512429916428
