0 0.9196453359244864 0.12213921498873477 0.16070932815102712 0.24427842997746954
0 0.7665396079901735 0.17788126227053663 0.14956685278618392 0.15649962094552408
0 0.6594894883342682 0.20095260318724012 0.06503964241602525 0.18340737893810527
0 0.6177442092515352 0.2028282737834932 0.025640102643154587 0.1385151251256461
0 0.5935820425387109 0.22411866427283272 0.027674989267570994 0.15065231397951873
0 0.5702173824187219 0.2315012734058996 0.02343343172629536 0.12639198190595013
0 0.541804716429546 0.2789024453161206 0.03556811537711943 0.06775530099192835
0 0.12631146672318783 0.20666418234892253 0.25262293344637565 0.41332836469784506
0 0.2678240606986229 0.17365019804044196 0.048914399554816065 0.3473003960808839
0 0.30253591450595657 0.22511616579406943 0.02509635599159079 0.22178103516207018
