0 0.9013253748178781 0.1610502733781391 0.12525262020021632 0.3221005467562782
0 0.8198731171914526 0.20088849438958803 0.030747674463861684 0.2998408318983105
0 0.788334869444824 0.27320736386402644 0.03559505300471824 0.1950918513704677
0 0.7528874841225296 0.26598660220495796 0.035595072814817046 0.17960003544737535
0 0.7264725954863153 0.268279481326336 0.020709293295366273 0.15207733561344738
0 0.7082960765925892 0.27420760494636176 0.01602948552984529 0.07773232715392313
0 0.15259182357134893 0.18723487249500212 0.15510208107418239 0.37446974499000424
0 0.03254889535386121 0.13109171619411558 0.06509779070772242 0.08039609157217242
0 0.07619091200292863 0.3211493889473794 0.15238182400585726 0.24042158839115663
0 0.14649349231495304 0.35116017091116736 0.038644731555043686 0.16668778268544063
0 0.16917357932055205 0.328747843978629 0.02134030909028327 0.18999759061026392
