0 0.18550301552675483 0.23675093032208397 0.37100603105350966 0.47350186064416794
0 0.39829482567791935 0.22385168788046492 0.0725304371887106 0.44770337576092983
0 0.4488852517030878 0.23732637352915162 0.035333539768203144 0.27912943466336376
0 0.4783713394673981 0.32225957710342396 0.028615190657347554 0.2012739980536141
0 0.6198879585712904 0.2550575936501791 0.017423289129803385 0.20327170651437423
0 0.6382191527409508 0.2293127957306024 0.0194240611703768 0.2572898059612532
0 0.660157936116421 0.21489794659924774 0.02653465499167555 0.2787198618733428
0 0.6978288835856515 0.15325527630695804 0.052017301812215894 0.3065105526139161
0 0.7599140502647477 0.14598404056976658 0.07508949213215009 0.29196808113953315
0 0.8979893571631745 0.16426471982554283 0.203997582250877 0.32852943965108566
