0 0.06164782533655504 0.23932804050166834 0.12329565067311007 0.4786560810033367
0 0.2554754166019941 0.21352198876498946 0.23588179626922803 0.4255621667572146
0 0.43414528569179917 0.24555328191405631 0.023906028647882906 0.16789967994123509
0 0.39799110656382813 0.1681620231911433 0.056666141980166826 0.30431816989348864
0 0.4004741968676792 0.3683247343122988 0.053577709782454616 0.09370728050447591
0 0.5218324183093002 0.33051109053225736 0.031130109802884044 0.05335802795784277
0 0.5608380738192883 0.3317237729858447 0.04688120121709218 0.05225558936367244
0 0.9756181318681317 0.21768707482993196 0.04856750392464685 0.43537414965986393
0 0.820054945054945 0.25117739403453687 0.2755102040816327 0.32653061224489793
0 0.6690673096142314 0.18938636817909252 0.026046871876873823 0.029648877340262492
0 0.648360983409954 0.30664934372709707 0.07345592644413361 0.09694183489906057
0 0.12464738130721735 0.2725143708750266 0.02494943581009155 0.25974025974025966
