0 0.19888664765116523 0.31132325585425225 0.17305419417873508 0.20764801844577277
0 0.32021708414400135 0.16832407766154364 0.18905873241043608 0.3366481553230873
0 0.4226162379041773 0.22972228778223575 0.019176303988671192 0.1604909133821099
0 0.4367772008496576 0.24204757034589455 0.016816143497757827 0.1536726719639157
0 0.44975808354968116 0.24676789132772126 0.017996223743214537 0.15786851283665057
0 0.4618539060656122 0.30918102430965294 0.003835260797734286 0.0592662523273805
0 0.4859959001229549 0.3088909341322836 0.04503876743967942 0.13956740926408215
0 0.49825327510917017 0.32062105773896155 0.02358078602620092 0.10325084910237747
0 0.5040393013100435 0.34662785055798145 0.0224890829694323 0.07375060650169818
0 0.5284934497816594 0.34119359534206684 0.015502183406113564 0.06676370693837941
0 0.9794470703489211 0.24170405399943398 0.04001455337272783 0.12125621438098692
0 0.9596671516915236 0.25827573663150216 0.024099672608221212 0.09619659674224966
0 0.9250339213025776 0.2611186491783505 0.04884667571234746 0.17126488768279804
0 0.8891286890182691 0.2913292734613754 0.02409154788195155 0.10885810524437313
0 0.879843404938767 0.28664480581766255 0.020578197149166873 0.1209038791853487
