0 0.5845746602907355 0.22930284354837063 0.16008496609303868 0.30154485620041477
0 0.5995257522689812 0.06800838242853188 0.1298964691498797 0.13601676485706377
0 0.828345920163534 0.19641320892065378 0.34330815967293177 0.39282641784130756
0 0.2529692717359144 0.27051016526480404 0.15512067289403608 0.15629476215299784
0 0.19539333805811482 0.35668950311048114 0.02253720765414598 0.0909677927395858
0 0.04322351359139368 0.21636032710400158 0.08644702718278736 0.43272065420800315
0 0.41697434744919243 0.2557050259878782 0.06308793784313096 0.06449702664426393
0 0.3326287426540614 0.2687252070541657 0.03159043924647508 0.03324222691949343
0 0.09486490478705596 0.29426565231567114 0.02192479622598591 0.07879853681169045
0 0.38204886395773635 0.3281816574887455 0.02332675470975071 0.047811259368297165
