0 0.10945447292310752 0.21320213202132005 0.21890894584621504 0.4264042640426401
0 0.24742514970059873 0.1994943446440452 0.05988023952095807 0.15542248835662006
0 0.2844580386159433 0.2647464899424371 0.03364557445995029 0.06593173177000358
0 0.3063467788185814 0.3301684402812293 0.04415981647868475 0.07646721468170525
0 0.3040885860306643 0.26977678766435154 0.03944437164198658 0.05777603051879031
0 0.3278731489975101 0.27082514305682953 0.022801729786397534 0.11904657901250744
0 0.34966952191825473 0.22157015784568462 0.021784878034322296 0.22657590457465962
0 0.43191855123151235 0.2141635961639221 0.14182400189691446 0.3371699097896672
0 0.5285106172350639 0.2556276020613 0.05518982329357017 0.2719068125195927
0 0.5652618570758937 0.2698825300776977 0.0213065155324499 0.24355714644204857
0 0.6194243923966838 0.27684084803524955 0.09425338082779065 0.22976669573775768
0 0.7444152462002516 0.2816543282263713 0.1604449647320731 0.17485045895983917
0 0.8570860505805629 0.3287206404750543 0.06759980912995071 0.2338511567078451
0 0.945130465733921 0.3207719945118296 0.10973906853215792 0.1440796819051617
