0 0.17968816927953396 0.24215425911647961 0.3593763385590679 0.48430851823295923
0 0.2267694215608114 0.21928918022460409 0.39773230578439184 0.43857836044920817
0 0.3991968820125192 0.20156686744616356 0.019290579111058588 0.24216019491796043
0 0.4187827250895634 0.22343827233398508 0.01830636589110668 0.20471634975000985
0 0.43285697413487656 0.25825754891539704 0.011810558639423678 0.18057031875385482
0 0.4452580607062714 0.275054787869244 0.009448446911538906 0.17217169927693135
0 0.46236418188703426 0.3169332051618165 0.023158262693349602 0.11444810186398933
0 0.8671916474960184 0.2341113011790768 0.26561670500796325 0.4682226023581536
0 0.7068133707477969 0.24220942253729136 0.08295180426327953 0.4205298194369232
0 0.5911379657603223 0.22661357896574974 0.01611278952668679 0.27650317663267193
0 0.665558912386707 0.18816157547275375 0.14481369587109766 0.3763231509455075
