0 0.8484328635014836 0.2419221892515661 0.30313427299703277 0.4838443785031322
0 0.6253464523281597 0.13888888888888892 0.15036031042128595 0.27777777777777785
0 0.5252217294900222 0.1318058635131806 0.0582039911308204 0.2636117270263612
0 0.4969858647450111 0.21895787139689582 0.007275498891352506 0.1151761517615176
0 0.4318328089244851 0.3068586320874651 0.034503718535469116 0.05689041444190187
0 0.44962099542334094 0.2930333079074498 0.03289473684210531 0.0750063564708874
0 0.4712528604118994 0.29938977879481316 0.01144164759725405 0.050216120010170354
0 0.41431278604118993 0.30066107297228584 0.03843678489702516 0.06674294431731503
0 0.3636298627002289 0.30018433765573355 0.040045766590389026 0.04417747266717516
0 0.31839959954233416 0.3217963386727689 0.028961670480549213 0.025743707093821525
0 0.3302881864988559 0.3060640732265446 0.026995137299771165 0.03623188405797101
0 0.2504648169336384 0.3373696923468091 0.037542906178489675 0.042906178489702525
