0 0.20204674791524543 0.16841656451526937 0.3031494823712891 0.33683312903053875
0 0.025469670062622667 0.15328535377138047 0.050939340125245335 0.30657070754276095
0 0.3975397195782119 0.16814723371981374 0.09868847263256934 0.3362944674396275
0 0.49074561733503863 0.16485675352577767 0.09292002106688736 0.32971350705155533
0 0.5823696741079709 0.15940744405279683 0.09863335600766802 0.31881488810559366
0 0.6831849331033517 0.1701034398810726 0.10908582350473163 0.18771463645828476
0 0.7838142564830667 0.39160553630007 0.01670355368104559 0.059390413088162314
0 0.7135331304144228 0.3921017716381799 0.05127604776398975 0.05078175811025263
0 0.9776221387085753 0.1384395455571439 0.04475572258284946 0.2768790911142878
0 0.9457527650289669 0.11536628796428659 0.021819276201941306 0.23073257592857319
0 0.9218644195320139 0.1661943336760882 0.02971935896471294 0.26283449953602683
0 0.8866285611413655 0.23663431197523638 0.009451370448715106 0.06520945537102876
0 0.8765020928034564 0.2512364292822459 0.011701696746028152 0.024003480504673134
0 0.899792969980647 0.21963184661775953 0.019127773527161433 0.1264183306579454
