0 0.4068044174001441 0.27406052738204034 0.022107263622210147 0.3567567927379554
0 0.42636878740528616 0.2997979925610721 0.023068024392192164 0.30961260402408214
0 0.4466055397303933 0.3086369640796195 0.025737686837955208 0.2664163302142319
0 0.466004607279275 0.3563849605546645 0.024398425039058758 0.18143234355510196
0 0.9335480589930497 0.24938313461792017 0.1329038820139007 0.4927388822964345
0 0.8474321128248238 0.22843765857811912 0.1779962705543311 0.45687531715623825
0 0.7664003092904426 0.24335574767851423 0.10544004899281952 0.48671149535702846
0 0.6863117354895797 0.26592303588609806 0.0717235767331187 0.3720161865665798
0 0.6541113122620547 0.22424192674249574 0.12171623446470078 0.44776715479029594
0 0.5900786611856795 0.21876635808054162 0.02152715501752856 0.43753271616108325
0 0.5790826303145428 0.3381939400711399 0.007262975585228186 0.1320992482509886
0 0.18945850268781955 0.2587299506140465 0.3789170053756391 0.517459901228093
0 0.37760587386914896 0.23367277071223572 0.03540055067523274 0.44403653686464745
