0 0.07608629224469837 0.2064277808334521 0.15217258448939674 0.4128555616669042
0 0.2272383720117369 0.1781305875529094 0.14692970146597753 0.3562611751058188
0 0.3133224039000818 0.12329167685309014 0.025669787307476592 0.1629827765554069
0 0.31752772728146195 0.11189465734920276 0.06471160884050295 0.22378931469840552
0 0.36886945977855057 0.14266923357832445 0.06509461054915597 0.2853384671566489
0 0.4191194589710593 0.27051447033376225 0.019576705089943285 0.09370046880656634
0 0.48223037537989755 0.31821652718074145 0.03518330914766039 0.09856802562768666
0 0.47340032308408386 0.2684457586847861 0.028475207403553842 0.12266243189223229
0 0.46272212030775123 0.24994904276452884 0.05667661473591987 0.15381479554740238
0 0.9510510236651313 0.2464294580477152 0.06588846837809494 0.15888215058339536
0 0.9956454334047694 0.22292138474711082 0.008709133190461198 0.24237634196140412
