0 0.04558517490833415 0.24620398815225886 0.0911703498166683 0.4924079763045177
0 0.18640580672931428 0.2411737947092884 0.2229261093298381 0.4823475894185768
0 0.3294358476164041 0.22174419232222298 0.09124973978211089 0.44348838464444595
0 0.38581639025744224 0.1964548685803283 0.029144403580598183 0.3929097371606566
0 0.399521199084033 0.1868942705803437 0.03573659010478103 0.3737885411606874
0 0.43352300326139753 0.2001557452254836 0.04475747692734717 0.32135945535432037
0 0.4596171103798982 0.24036959484162593 0.014059228238109433 0.23079735433908333
0 0.4687406521088842 0.27653139229567586 0.011965300628178237 0.17442749360188783
0 0.9292620242320401 0.10170353419781338 0.14147595153591982 0.20340706839562675
0 0.8369532275987471 0.10685703381935324 0.06465299525204553 0.21371406763870648
0 0.7594201434488331 0.1293059905040913 0.1146580462672997 0.2586119810081826
0 0.6730221969265794 0.18501955895239902 0.06057403040897628 0.37003911790479804
0 0.6278965769574761 0.1756240344743475 0.04024717456703802 0.351248068948695
0 0.6022847385966337 0.21501296401694805 0.019920318725099525 0.27102474455917824
0 0.5883688438700664 0.253036830053945 0.01571777855396436 0.19808281910971398
0 0.5773451128242643 0.27610526513233163 0.010691576163412245 0.15405873489267785
