0 0.8902181922384147 0.35430653348616337 0.031316522023906994 0.07000163746520387
0 0.9172551335197145 0.35187506025257875 0.017352742697387433 0.06555480574568591
0 0.9369125373565989 0.36729972042803427 0.008947507953340405 0.05495035187506024
0 0.8983035354044784 0.30083719991930596 0.020141970950171385 0.03429493645350011
0 0.9181618166229571 0.29995460964292914 0.015886624974782985 0.03252975590074643
0 0.9361084354471956 0.28186584133400705 0.010125852703385736 0.01673825164224354
0 0.8815420176997989 0.30742773226155506 0.014021197248415499 0.022028134178389246
0 0.8683903520636882 0.33003555418148084 0.004891115319214734 0.06685731952388314
0 0.8582277013448754 0.3143839851599938 0.006956252898438701 0.03787293244705515
0 0.8593146158602565 0.3559282733034472 0.005651955479981533 0.030143762559901092
0 0.8437717382903075 0.33486628536095214 0.016955866439944362 0.0757458648941103
0 0.7483964971883786 0.3746485473289597 0.03940663074039368 0.08106841611996253
0 0.7745332792207792 0.3326298701298701 0.009862012987012983 0.04837662337662334
0 0.7852171266233765 0.36688311688311687 0.015158279220779274 0.08051948051948049
0 0.7990719618415594 0.362271878888428 0.011665284114475464 0.07802778929904607
0 0.8216445453285277 0.3481078458552813 0.026121084003326918 0.07450790130302189
0 0.5702524273426299 0.40010426169685903 0.041602860680307545 0.05734393327251397
