0 0.07834926209854444 0.22844363393483644 0.15669852419708888 0.4568872678696729
0 0.14955145489568883 0.26104029160302616 0.06749678771872417 0.10471475352843235
0 0.15388161534206155 0.21193681234249181 0.058454729854324185 0.058680107361648956
0 0.1950625804405812 0.24041500604146326 0.025088134897688914 0.1455754312444171
0 0.1825651452127362 0.35614581584625044 0.051575236425360445 0.08920225741400503
0 0.33492126986435866 0.24549268921990813 0.2589185061274955 0.4134515505798245
0 0.40500242293212046 0.19284054621587698 0.14388489208633087 0.38568109243175397
0 0.4957432764077653 0.3476841430229037 0.03757425993940734 0.06589599941325483
0 0.8144584062350883 0.21405722566848695 0.3710831875298236 0.4281144513369739
0 0.6263352351270515 0.19112887235640894 0.02664186794681681 0.38225774471281787
0 0.5957783353332606 0.3240609432384276 0.03327151739936731 0.08610595978328059
0 0.571888294971092 0.3416118201762359 0.014290389440384032 0.069233846041962
0 0.559452383549689 0.34413294062034105 0.011017781171593792 0.06729452262341977
0 0.5377440820333805 0.3650776335405984 0.017999345478346206 0.03316243045707423
