0 0.14087823254718831 0.17179208797150167 0.28175646509437663 0.34358417594300333
0 0.33653405961499006 0.19484583676439388 0.12073278988866284 0.3164514872347092
0 0.40846546979426024 0.27373724136926864 0.027781417900668317 0.14630381921693675
0 0.390298569412546 0.18779342723004697 0.09352776778549489 0.2958945552819207
0 0.445335584634867 0.23689832047788986 0.022640930196860923 0.21523807087335992
0 0.46796147000314103 0.33122767831175326 0.02418594911527592 0.06421666143161278
0 0.47922244209055986 0.31174743594717985 0.04772436270515653 0.16037455217992982
0 0.48795651272895374 0.34120999895497356 0.01689754666751681 0.06376432704723342
0 0.4747402888494746 0.19750391434567077 0.0420020659948935 0.09078250097993992
0 0.8322369817086106 0.0895943263213984 0.12901582990281366 0.1791886526427968
0 0.7363524937930166 0.0906516372118685 0.06536974763506069 0.181303274423737
0 0.6455169338255331 0.2702144703482562 0.022793152144290594 0.04448518582750428
