0 0.7531463680507381 0.2660236294167519 0.018828659201268395 0.0951342780695669
0 0.7709840451887817 0.27174930355982774 0.014864730948369716 0.10658562635571846
0 0.6808046774353382 0.2748323588676378 0.024774551580616352 0.09865776984992122
0 0.7081087855621002 0.2785088635445822 0.056398044867777844 0.14259653813482615
0 0.5961375375838408 0.2953597341077102 0.035078251484079816 0.16995177275803278
0 0.6377688690154959 0.2566408826527552 0.048955361961298155 0.08977291222299312
0 0.5733100602983179 0.30889664656722726 0.014915899714376362 0.14612645015691664
0 0.5451391451981987 0.30117369159223434 0.0679117147707979 0.17322408405304984
0 0.3999040377943455 0.29067526225568585 0.03358677197903592 0.12335654470444456
0 0.4316453827415663 0.323810929849167 0.029157747102679526 0.18962787989140675
