0 0.9384566326530612 0.16203703703703703 0.12308673469387751 0.32407407407407407
0 0.8530136521071844 0.17337490551776266 0.04892696407831411 0.28628117913832196
0 0.8287284044715446 0.20296973803071364 0.042873475609756184 0.20946251129177956
0 0.8022103658536585 0.19619467028003612 0.06415142276422768 0.2828590785907859
0 0.761818455757232 0.2016939420040195 0.043708049725846125 0.27490668963537185
0 0.7258014754278193 0.16284283771851418 0.03162556067475997 0.04934344173045357
0 0.6846374045801527 0.18871925360474978 0.06043256997455468 0.356234096692112
0 0.5206345419847328 0.20118022926041776 0.2707538167938931 0.4023604585208355
0 0.36154197080291967 0.20444714787780482 0.11557177615571775 0.40483914571505814
0 0.2822764598540146 0.2649364693160313 0.06652980535279805 0.1973506353068397
0 0.23950729927007297 0.29264666125979993 0.02737226277372263 0.09056501757231683
