0 0.7127874142799515 0.3736273587019855 0.019362646228317834 0.017211241091838074
0 0.7651334753728534 0.27739482809040383 0.0626644942975311 0.16487724721839267
0 0.842659644502962 0.2820569087850192 0.09479921000658323 0.16619120766586193
0 0.9288923040548525 0.3063141164571592 0.07861449343894063 0.11874269351512515
0 0.9694575585316503 0.29461198359936186 0.06108488293669936 0.159296014388027
0 0.5381820772189767 0.2969717117031548 0.053426414019090984 0.20389102594544956
0 0.33134411213656223 0.29637853799952185 0.022205259870931946 0.1363156230965543
0 0.3275275830962458 0.3987694585154858 0.031226146693498023 0.06969984348375854
0 0.3200680036083546 0.3142661084511059 0.02463396016931506 0.12891386980624356
0 0.3124349455277218 0.30347188490273624 0.05516619249184647 0.18134295561261066
0 0.27964749149954893 0.3096400126446618 0.026368746096731677 0.17887570451584048
0 0.2577891888141003 0.30686435516079524 0.0277565748386649 0.11411036322562235
0 0.14244909916507975 0.2786322282440634 0.14867438113373363 0.2395716354995685
0 0.23586033719956942 0.2928242124702724 0.03766590936266887 0.1732498970332283
0 0.03626659367729572 0.28830801514529436 0.07253318735459144 0.1946383224609582
