0 0.10132764065972627 0.21172066908410336 0.2013393379342613 0.4222716107147034
0 0.23999517487425426 0.12633056497836 0.07533775880219906 0.2514914025032167
0 0.2992126272078605 0.12925488361211834 0.04572903263539594 0.2573400397707334
0 0.35431775646274416 0.1447537723710375 0.06842905602994502 0.2883378172885718
0 0.4112707691151041 0.20017291932937373 0.046941959251184134 0.18006164950003756
0 0.9400678901236497 0.19134449835655026 0.11753599937392387 0.3826889967131005
0 0.8479610188326119 0.18218505088314418 0.2490422856474441 0.36437010176628837
0 0.6967725154727181 0.15543857153019847 0.09583748310450299 0.31087714306039693
0 0.6428408828120484 0.2123200555009539 0.01544704283979866 0.19685494594438338
0 0.6132556064678151 0.267215931620919 0.046344230515046075 0.08987971978675593
