0 0.888219670046014 0.3165347612587174 0.2235606599079721 0.2534583955469017
0 0.9312235625881247 0.10244072795002133 0.13755287482375067 0.20488145590004267
0 0.7367031638488256 0.18457967996789917 0.19410978682790728 0.36915935993579835
0 0.6271353447960505 0.18066380215885688 0.03283555517792157 0.21589748882328105
0 0.6113361710626108 0.2451930012102731 0.0079655746755396 0.08418837257253078
0 0.6022401953148662 0.22281235921732212 0.01951155343255936 0.16586741625356827
0 0.6026632804798582 0.2900536331890862 0.011695711015688915 0.035050003805747194
0 0.5805288159449066 0.2665303854134376 0.023248799859250487 0.08400287084279341
0 0.5447144310938922 0.27969989789768523 0.047133598757386964 0.04873471746492168
0 0.4956819798494634 0.27282070447538065 0.047703303808055195 0.04069471695370976
0 0.48349590323839237 0.283487232843456 0.02403433476394857 0.025109463736073152
0 0.46353650148870806 0.23770671835524285 0.018346958628106987 0.1144242018578795
0 0.4466826703569894 0.21465023489009888 0.016218207122474838 0.16119897032551592
0 0.43562855747742973 0.20043268769025763 0.010960350566586227 0.23448534098464277
0 0.38477384002741316 0.19020779037239322 0.1013300886080118 0.38041558074478643
0 0.32333137525638056 0.12711272047817293 0.02937370574280068 0.25422544095634586
0 0.15699601190810528 0.20364856905413137 0.31399202381621055 0.40729713810826274
0 0.10127750522174184 0.3350022620136472 0.20255501044348367 0.23362363940734904
0 0.8482113873920664 0.14456058343612715 0.032461208855417804 0.2071746485172441
