0 0.09424467014365451 0.06465977369079208 0.18848934028730902 0.12931954738158416
0 0.2927989752035868 0.17567938512215206 0.21868423460517888 0.3513587702443041
0 0.42387226644706744 0.2167525746993219 0.049867325464360825 0.28547900082349714
0 0.45494028230184586 0.24495114006514662 0.016938110749185675 0.2366509832307878
0 0.4709011943539631 0.2644468572807335 0.016286644951140104 0.144384123537218
0 0.8212200273325879 0.16509987438053036 0.3565660330475835 0.33019974876106073
0 0.48185197332458723 0.3119419846215517 0.006741736817171251 0.04988480335588676
0 0.4934222513756788 0.3237653308714859 0.014941146459677116 0.024294547088905986
0 0.5059946794941875 0.33494082253238266 0.014212310047009898 0.027857747328612098
0 0.5077256659742722 0.3780231527033757 0.022776137895849164 0.08227753280776129
0 0.5270398309099523 0.3908182808368662 0.013665682737509618 0.0502087306504055
