0 0.34584729168408274 0.30377557015030926 0.0951900546732622 0.1614162978391044
0 0.04225546333263291 0.118197100231141 0.08096501365833159 0.236394200462282
0 0.12144752048749738 0.1255515864677453 0.08096501365833159 0.24900189115360374
0 0.21334576591720952 0.1444631225047279 0.10164950619878127 0.282622399663795
0 0.29726570708131966 0.15076696785038873 0.07210023114099604 0.30153393570077747
0 0.37025241647404916 0.1407858793864257 0.07623712964908597 0.2752679134271906
0 0.41952300597927283 0.174445825356217 0.02615676173340648 0.24321803787304594
0 0.4427902334336454 0.21285102581926807 0.028083117919429176 0.1731632561992449
0 0.4680605169153184 0.2642361840722841 0.02009350703929401 0.10191216642151714
0 0.9508103402089474 0.12992231449236538 0.09794401285829106 0.2571658183766408
0 0.8096341869885305 0.09710688454326281 0.19344927938484666 0.19421376908652563
0 0.6725328078210324 0.05812929364100758 0.08570768011273569 0.11449709353531795
0 0.6558267760972496 0.2997683776517443 0.029944122633755416 0.1808049744833707
0 0.6287469567863665 0.2976262933657943 0.024992391965916027 0.18137553256238595
0 0.6047816494217896 0.2784540474741327 0.026361838101034724 0.2051125989044431
0 0.6168875330327998 0.057515933468055336 0.021859940929581847 0.11503186693611067
0 0.5862836157313851 0.14262397015389397 0.04984066531944661 0.27747551686615884
0 0.44783739010628526 0.32452131374860005 0.10960667891352843 0.10807586089015067
