0 0.018105220533266877 0.21866434089210063 0.036210441066533754 0.43732868178420126
0 0.10853802525195629 0.20646406174626145 0.18397185368770416 0.4129281234925229
0 0.18981687126473912 0.2615355623754913 0.052243175577451124 0.18171539331287354
0 0.44502464039685524 0.3789212040779472 0.06146651271750893 0.11801944187889449
0 0.4874215254726512 0.37190249819154225 0.02692488093519986 0.12563017558162196
0 0.5314697719830526 0.36645499591090586 0.06252462117782377 0.12964833790349742
0 0.6018598050179846 0.33928632000271364 0.0871530078175912 0.1592551134629084
0 0.6687461520701862 0.31976296752347233 0.05757464983838692 0.16494792468318714
0 0.7478211097429582 0.2983428248935406 0.11211905494843771 0.1995792930070289
0 0.8602454420489074 0.25285772765522146 0.12900629431341326 0.21776870375495172
0 0.959661228476342 0.19425553465489798 0.08067754304731593 0.24526117783244103
