0 0.5325637116096711 0.20716861492291683 0.03223698540622954 0.0642803552844938
0 0.5630348285823296 0.1997227827751328 0.02943260478552349 0.050158668868924894
0 0.5950564124925055 0.20421140604276813 0.021529405352373725 0.03052270125906139
0 0.4895868323815922 0.2133528771083356 0.026109261917122182 0.06677456459115845
0 0.47286774361010164 0.2122671118304306 0.01068800195437755 0.07220339098068354
0 0.4619638887382746 0.21471561025863467 0.02006181206961995 0.06795712917276651
0 0.4452908962750094 0.2204991957201467 0.012199750582876945 0.06120961280100248
0 0.38943696517141757 0.22916250310374686 0.02507221889137187 0.05813847858868842
0 0.414236659944405 0.21268993417028514 0.023982122417833967 0.027131290008054573
0 0.4360385894151631 0.22843577212138824 0.008720771788303298 0.04118142233365429
0 0.42159481114078584 0.23715654390969151 0.018531640050144443 0.030522701259061442
0 0.40115550226195007 0.23909449319598114 0.021256881233989174 0.028584751972771806
0 0.3708342409061206 0.22575570560758967 0.012415595730777617 0.029429560250732106
0 0.36223045088216066 0.22885355405503519 0.006534524068830313 0.020910477020257005
