0 0.03778524152919095 0.19669180194716104 0.0755704830583819 0.3933836038943221
0 0.17843501036778345 0.20517297828222195 0.213903743315508 0.3948245965052687
0 0.33400815228229597 0.2539682539682539 0.1077844071791801 0.23679602327289156
0 0.4164310262322182 0.280931734361934 0.06503675990777395 0.1651174818617286
0 0.47249873981867047 0.26210172436180834 0.07231141994712569 0.18775587755441633
0 0.5136300207048777 0.26439797242850843 0.026056226241684577 0.17024422710537318
0 0.5339929792376203 0.2777579448036542 0.01727717719848331 0.1387672981845661
0 0.5596832513774136 0.28629950459380066 0.03820940286084446 0.11449015063736594
0 0.5991291831416503 0.2852913075728195 0.04598500471749034 0.11541144732688788
0 0.851156527545706 0.21066887367391457 0.19377344181927375 0.42133774734782914
0 0.7452289308470791 0.24528659904806485 0.031183690085257492 0.1500879824816906
0 0.7245912151330551 0.2299882440953296 0.0686117345302982 0.1487656300096184
0 0.6862299552035314 0.2544958774264752 0.015581380250600555 0.08887157624416599
0 0.7478739177887929 0.41066689868186357 0.0551287468385618 0.10440683864793132
