0 0.9004265030491237 0.3586616284435137 0.11766246399042248 0.1972056983467813
0 0.7822378822721099 0.3457518888545638 0.119039435630958 0.17075185772996904
0 0.6637996872386086 0.3425020103203182 0.11655816998218001 0.1651897378703941
0 0.5976367469211143 0.3307814638115317 0.017641184955064896 0.14083361071045533
0 0.5794408077221793 0.32772415153420387 0.017641184955064896 0.13432449424904774
0 0.5620360551431604 0.3443875222585662 0.015832001553328468 0.05018445775394682
0 0.5553232001937112 0.36100685692902046 0.014748450862344125 0.028567480277309994
0 0.49813893889007577 0.31539731451254804 0.01754278915092898 0.10956192180831416
0 0.4642289225550969 0.3113408419129313 0.04869919709035327 0.09756390287196895
0 0.4049290257888638 0.31488386829470427 0.08601510356281145 0.09999408113029531
0 0.3377251265232269 0.3108811545578208 0.04863015635160739 0.08243251309213036
0 0.2817439000254462 0.3106298359203448 0.06276682970963275 0.07640086579270618
