0 0.04928507743618531 0.1080205203228957 0.09857015487237061 0.2160410406457914
0 0.15198628345587165 0.10229287146551974 0.11449827090174652 0.20458574293103948
0 0.3180700226760506 0.20137130432323147 0.038463558739029284 0.1626057967647912
0 0.2802810932975492 0.12668816849903083 0.040751465498975924 0.25337633699806167
0 0.2355040591147862 0.11259959283182946 0.057807826677055286 0.22519918566365893
0 0.34789350910986616 0.3067646082826247 0.022134059059501256 0.07701022810500249
0 0.3868821460759538 0.30683651910950116 0.06282361673175814 0.07655223927897012
0 0.40194316927004764 0.36784301151840165 0.0721259029684075 0.13881286786862101
0 0.5659516184478619 0.37755855090011525 0.09490655053613146 0.08872277779698123
0 0.6516501142432751 0.1877990316143619 0.04174950331214985 0.10173704389947602
0 0.6693311368614162 0.10300122095550686 0.049607817443231755 0.11481557747867487
0 0.6221739515914531 0.18267970958812343 0.0451281141945208 0.1610859906808129
0 0.5744159855297509 0.31109518473646586 0.014419057044861223 0.04429048948954072
0 0.37920449427548764 0.2093325221303034 0.0906677412473036 0.12115369927018062
0 0.3971172634860693 0.17008072247714812 0.11581443344237817 0.11338714831809876
0 0.43132243019206096 0.20557105711589507 0.016599116071610413 0.05847595900346465
0 0.45744312511456436 0.216976584723382 0.005499093667895434 0.03856154572055101
0 0.4045907248620135 0.1472761382331842 0.11996171001446054 0.17180707459531872
