0 0.10001169727453503 0.2453503333723242 0.19475962100830504 0.4871914843841384
0 0.2441074979529769 0.20908878231372086 0.12501462159316878 0.4170078371739384
0 0.3353412559965111 0.21020497165285648 0.06721543829044917 0.41779328390754467
0 0.38771532926297425 0.24945486262538158 0.04145769733972961 0.29481029219363275
0 0.4139677508269018 0.3085901922247255 0.016582977805474287 0.11289008197114232
0 0.4385725756195772 0.3314797948324624 0.03397488135755715 0.07478069124203054
0 0.4504368199031685 0.3850486553856478 0.024537414313791275 0.05968074397200519
0 0.47066762066576495 0.38236943683811164 0.016237916927848 0.059054468674738535
0 0.49114596284323825 0.35602642890128233 0.01518596142232956 0.07015736563532377
0 0.8828181818181821 0.21418181818181817 0.2331818181818182 0.42254545454545456
