0 0.9213531258920924 0.10150030132901952 0.1572937482158154 0.20300060265803904
0 0.6404904345539408 0.13119160841204092 0.100913812372625 0.26238321682408183
0 0.7630990730392475 0.11366043579573255 0.1462757215173229 0.2273208715914651
0 0.527916627369612 0.09934295325222416 0.1287371498632462 0.1986859065044483
0 0.43889085128929683 0.1356411162133521 0.06393500529848109 0.2712822324267042
0 0.39226421759095703 0.14380470191137792 0.04486047333097846 0.28760940382275585
0 0.35402011702057706 0.1344056567250308 0.04207481427914009 0.25595512019810207
0 0.32345092806969344 0.15504889970219796 0.030020013342228147 0.25638007037371313
0 0.30478110271989084 0.2235976252216101 0.022429163590937464 0.15545839405926842
0 0.25467037646925206 0.26725720667007347 0.08517403895292712 0.14284001791809406
0 0.09760070324215313 0.3035448213143639 0.19520140648430626 0.2570248985115125
