0 0.8034734917733087 0.10855169612025187 0.08519195612431443 0.15210237659963433
0 0.7038810096769238 0.09807769983900237 0.12160155649992319 0.19069399643870996
0 0.775561927192668 0.04187075816792677 0.038144488249449535 0.06371637112510595
0 0.628101628640008 0.16587320169619396 0.02932430621469173 0.057025416894300074
0 0.10455480782371894 0.2045062413838145 0.2086763963951743 0.25256145091131693
0 0.15953725451001946 0.3860099167679998 0.1091899455299585 0.1359252411173854
0 0.23324671430713104 0.1499175453500574 0.14716905701863972 0.170128651463917
0 0.30033481585128174 0.12482023775812189 0.15091699565239114 0.19278285831681458
0 0.38928589275898245 0.1754590530763635 0.026985158163010326 0.07729082338047404
0 0.2639145344236349 0.3732817491720155 0.10102875230809809 0.13318092558398545
0 0.3402796096016882 0.3493654561974266 0.05961487734107092 0.08722412731908905
0 0.7470104445229324 0.3489356453683614 0.12210505070891564 0.1112288432536679
0 0.6647661335082495 0.3505054072691188 0.03885160704374589 0.10808931945215311
0 0.8976523344763915 0.11301620797795948 0.0691110524927461 0.22321873442949672
0 0.9617515167501978 0.12403646062311319 0.07649696649960447 0.24619713356194492
