0 0.5273236538241682 0.16208731882677235 0.10460729392934733 0.10873569350761528
0 0.6176851143915779 0.16964326556751422 0.05028524378050925 0.06534794513386528
0 0.6147444568605541 0.22688806550478016 0.07792742457213428 0.07528083279421277
0 0.5140269364229841 0.2864853914668653 0.1240957478092101 0.17147300803126245
0 0.43803093008059246 0.30397637890558826 0.11892833805271176 0.1254628621215422
0 0.4586057648033888 0.19400190318322744 0.0322313288516438 0.04911440586917148
0 0.3727194622732096 0.2511188603067109 0.04346287966846921 0.05660282003335524
0 0.3338050235002779 0.24707580173289978 0.07328043665032595 0.09074420354553775
0 0.7139810628678664 0.18501142104315355 0.14074895504563673 0.26993469627607647
0 0.946147640177491 0.1792837613733136 0.10770471964501821 0.23952310519474695
0 0.8328489140199757 0.1888354559706882 0.04597579664957981 0.046973994022559265
0 0.8640895834813164 0.24321022578787008 0.026958155735885708 0.1385624761196351
0 0.8166393384187636 0.23785724099175545 0.0748556355599914 0.10095115492308963
0 0.88252468414906 0.24489507024808002 0.018579467034716992 0.0707789220370174
0 0.265805220709392 0.25053238131028427 0.07978492758650593 0.07246167336358984
0 0.09018425491981989 0.2625258480072951 0.03934435078288339 0.07706238199822756
