0 0.3115348703583997 0.12481345814679146 0.18566400919342094 0.2496269162935829
0 0.11245923951198364 0.26758118463948516 0.22449509107358834 0.5351623692789703
0 0.9405299085965522 0.2345190431005886 0.11894018280689582 0.4690380862011772
0 0.42154820793196207 0.16546616911105325 0.03601492666840229 0.3309323382221065
0 0.4620736756733683 0.2815364987217977 0.046527510991590935 0.2830542156960392
0 0.48907243778546117 0.2940576637592901 0.007896871131600314 0.14873626347566674
0 0.49579544969479655 0.30695825804034277 0.00640286848508147 0.12445279188780278
0 0.4992103128868399 0.330482871141086 0.0025611473940325997 0.07664470719919557
0 0.5031587484526401 0.3367434536598322 0.006616297434583925 0.06488240064882399
0 0.6907916419484543 0.1397402939819392 0.05075472941796863 0.07909827961241844
0 0.6240524685254762 0.2150301379093153 0.07547294179684923 0.22733431473791374
0 0.6001581965592248 0.27508623909652186 0.02175202689341494 0.15526699331326582
0 0.6063553826199741 0.20592636935049385 0.010675446473111923 0.01312536721097033
0 0.5856528385055633 0.1665224998913812 0.0049767160783477015 0.052453007555918946
0 0.5862749280153567 0.2252951469118687 0.0051544559382887675 0.056244791234660044
0 0.5860083182254453 0.2616330738331379 0.0035547971988198887 0.00758356735748225
0 0.5861895043047833 0.30851599012623715 0.005747530907640671 0.08820700494991437
0 0.7109557109557109 0.11814820325458622 0.09224817735456033 0.10315925209542229
0 0.654972929892544 0.07646198428620722 0.008382114491439078 0.013680099425008316
0 0.5125316107063271 0.34074185354888425 0.013019855279300963 0.05653065369132375
0 0.5416636940857529 0.3578723190623026 0.0067774844831275756 0.022406654353575983
0 0.5535540177403627 0.3575552437648463 0.017003162826092103 0.02261803788521343
0 0.5309978315737087 0.3646431971056051 0.013330489495574168 0.03981372862678183
