0 0.10127253446447507 0.1310239189348415 0.20254506892895013 0.262047837869683
0 0.2660107782930191 0.03787720544206319 0.13222208296779042 0.07575441088412638
0 0.2585389529046903 0.4328158848817501 0.17693159009929696 0.21191815110392745
0 0.08654498830982728 0.4387795292086716 0.17308997661965456 0.16693063830857024
0 0.4050020169423154 0.4076912733629151 0.11133521581282775 0.1498812245080902
0 0.5554659136748689 0.4094841109766483 0.28559903186768854 0.1979292725561382
0 0.735982250907624 0.4005199229079826 0.08108108108108106 0.1785666263278203
0 0.8414683340056472 0.4005199229079826 0.14279951593384427 0.1656581955089417
0 0.8846153846153847 0.1077292012543811 0.23076923076923078 0.2154584025087622
0 0.738240177089098 0.04181270368320728 0.06198118428334259 0.08362540736641456
