0 0.23397787301903722 0.327729729765365 0.20980763480514303 0.29075137803862455
0 0.8573883161512027 0.22193687513936353 0.28522336769759454 0.44387375027872705
0 0.6810794628346591 0.07031286167733557 0.06971174407664003 0.14062572335467113
0 0.7061634189115532 0.33364586664478135 0.044428140539659114 0.20440499314904795
0 0.6659934553622412 0.3195893449815774 0.03539078587137349 0.17081828859341108
0 0.6175231756449144 0.21859235702408042 0.06516782179490192 0.43718471404816084
0 0.5841319512354131 0.22629318150538566 0.015646391550948498 0.19529014639517278
0 0.02276459173010897 0.07629662802076595 0.04552918346021794 0.1525932560415319
0 0.10048573163327261 0.12305201376239629 0.10625379477838495 0.24610402752479257
0 0.2095999399534639 0.08906902849708523 0.10845905576822036 0.17813805699417046
0 0.3104952527585322 0.15358442866782618 0.09580018817894106 0.30716885733565236
0 0.37414965234970055 0.14858006694741388 0.03887270696240635 0.29716013389482776
0 0.4045999352121801 0.18313357088867294 0.027858762552640096 0.27297268113594647
0 0.4241273286308555 0.21998486096876405 0.014469162597214692 0.2298989168224111
0 0.4379936094531863 0.2333822337439628 0.013866280822330702 0.15916078856936153
0 0.4453789111955146 0.26821540295947965 0.013564839934888736 0.17202226643355234
0 0.45743654669319345 0.2762538266245989 0.008741785735817171 0.14415573106113885
0 0.4666304937601736 0.319393366960739 0.010248990173027057 0.11789688042174928
0 0.47700461617370493 0.3229421933473908 0.008548469823901486 0.09067710213205173
0 0.3745402687082489 0.37228852360579445 0.0750581700818134 0.15345225883392963
0 0.07829977628635348 0.3555744942769552 0.06711409395973154 0.19980351076547948
