0 0.1292891554419427 0.2578136094997759 0.2585783108838854 0.5156272189995518
0 0.2660566983989291 0.20356519221970087 0.15253382637196394 0.40713038443940175
0 0.34664774497248274 0.13275952911133415 0.06818732477242051 0.26367303927789887
0 0.39140330911319265 0.15913313295787251 0.06390615425019698 0.2815372494090869
0 0.43421167819311907 0.29095295067456495 0.023636522804867374 0.09353448695127758
0 0.47646129980132945 0.3022804806963139 0.06524722364701763 0.21056131611179302
0 0.5244346243826358 0.3378812216867844 0.025894303253284314 0.09206863378945523
0 0.510127742345746 0.3246031300719239 0.019077187798081024 0.09093875142091798
0 0.5522719596788858 0.310606519850239 0.024291392793120536 0.14040800302523815
0 0.8982079599916646 0.3172883239563796 0.027297353615336563 0.06408742562107843
0 0.866534694728068 0.3224745896135768 0.023963325692852658 0.05075131393114308
0 0.9595423800797385 0.27213539125966674 0.04192911328195557 0.15610060684110907
0 0.7700063482579631 0.30753783022351666 0.05489376003584899 0.0680466866657538
