0 0.3157776340578691 0.4077896190485117 0.03852318420830638 0.052738957780714676
0 0.2893843714357247 0.4076371695366325 0.01321389823907418 0.05267013473539745
0 0.265600959657861 0.40669558389327853 0.032075520901243916 0.05308252420151657
0 0.23683727966626164 0.40617049075114026 0.02464070415109907 0.0531780777958603
0 0.41996035772434454 0.4031346762416395 0.031973383043488526 0.0432079829894785
0 0.383677256968026 0.41428472916510056 0.031156227686869483 0.06579562895989921
0 0.3605047546919829 0.4147915650359942 0.014600878424465395 0.06902329636736852
0 0.8255207391162969 0.32872275598935613 0.1971311410900506 0.25944841942500524
0 0.7003497012968088 0.3458602900996221 0.08145126038175714 0.18659648480850158
0 0.6098423124624989 0.3754892907582515 0.1041413197256348 0.13222146004585175
0 0.30112334028537796 0.4611752397078763 0.01559047638713936 0.01853878575542109
0 0.27669246171329615 0.4569270823938284 0.005736241138589785 0.012410483972797955
