0 0.5330366131510623 0.34947043689691915 0.011127006835161346 0.026375127312975043
0 0.5481375509987814 0.3570061875577692 0.025433158480368808 0.04238859746728128
0 0.5886716473268689 0.36948727458980196 0.04715731468235056 0.06075698970310323
0 0.566285169289461 0.3617160317208004 0.014041222911036873 0.036736784471643795
0 0.63409254782203 0.38003138652076174 0.010603554311405243 0.06107647283369386
0 0.6435297111591806 0.38116243231397834 0.014208762777283113 0.064846625477749
0 0.6558298341604105 0.38399004679701965 0.012088051915001804 0.06296154915572148
0 0.6267760953471604 0.3804084017851673 0.007846630190439897 0.06333856442012693
0 0.6173389320100097 0.3792773559919507 0.010179412138948981 0.050520045430339326
0 0.7664407182780354 0.314477874235277 0.05470329408966587 0.07293772545288778
0 0.6802235699845404 0.3668027642340878 0.01902723272684028 0.0465110133322763
